fr:
    dw 1.000000, 1.000000, 1.000000, 1.000000, 1.000000, 1.000000, 1.000000, 1.000000
    dw 1.000000, 0.707106, 0.000000, -0.707106, -1.000000, -0.707106, 0.000000, 0.707106
    dw 1.000000, 0.000000, -1.000000, 0.000000, 1.000000, 0.000000, -1.000000, 0.000000
    dw 1.000000,-0.707106, 0.000000, 0.707106, -1.000000, 0.707106, 0.000000, -0.707106
    dw 1.000000, -1.00000, 1.000000, -1.000000, 1.00000, -1.000000,  1.000000,  -1.000000
    dw 1.000000, -0.707106, 0.000000, 0.707106, -1.000000, 0.707106, 0.000000, -0.707106
    dw 1.000000, 0.000000, -1.000000, 0.000000, 1.000000. 0.000000, -1.000000, 0.000000
    dw 1.000000, 0.707106, 0.000000, -0.707106, -1.000000, -0.707106, 0.000000, 0.707106

fi:
    dw 1.000000, 1.000000, 1.000000, 1.000000, 1.000000, 1.000000, 1.000000, 1.000000
    dw 1.000000, 0.707106, 0.000000, -0.707106, -1.000000, -0.707106, 0.000000, 0.707106
    dw 1.000000, 0.000000, -1.000000, 0.000000, 1.000000, 0.000000, -1.000000, 0.000000
    dw 1.000000,-0.707106, 0.000000, 0.707106, -1.000000, 0.707106, 0.000000, -0.707106
    dw 1.000000, -1.00000, 1.000000, -1.000000, 1.00000, -1.000000,  1.000000,  -1.000000
    dw 1.000000, -0.707106, 0.000000, 0.707106, -1.000000, 0.707106, 0.000000, -0.707106
    dw 1.000000, 0.000000, -1.000000, 0.000000, 1.000000. 0.000000, -1.000000, 0.000000
    dw 1.000000, 0.707106, 0.000000, -0.707106, -1.000000, -0.707106, 0.000000, 0.707106

DataOut dd 0,0,0,0,0,0,0,0
DataIn dw 1,2,3,4,5,6,7,8
